// количество полилиний в файле 
35		
5 // количество точек в 1-й полилинии
1		// тип 1-й полилинии: 1 Ц непрерывна€, 2 Ц штрих-пунктирна€, 3 Ц штрих-пунктир с точками
6// ширина 1-й полилинии
51 51 255		  // цвет 1-й полилинии (значение компонент R, G, B) 
84 187  // координаты 1-й точки 1-й полилинии 
76 51
141 50
131 70
138 70 // комментарий
// пустые строки


// пример табов
6
	1
		6
			51 51 255
				139 257
						142 	101
					230 		36
			229 153
		152 160
177 104
// табы между значени€ми
4
1
6
51	 51			 255
226		 184
257 		150
278 		25
328 	217
15
1
6
51 51 255
413 136
337 119
336 64
418 32
394 112
419 120
410 228
445 221
434 114
448 103
447 128
495 104
493 51
435 29
445 85
10
1
6
51 51 255
514 65
501 189
571 138
567 199
587 199
600 58
577 58
536 140
535 38
523 54
12
1
6
51 51 255
617 231
614 23
679 25
632 142
707 90
712 137
641 150
715 212
673 239
637 180
643 257
611 241
9
1
6
51 51 255
715 230
756 163
781 30
819 273
794 302
785 188
765 183
731 228
707 241
3
1
6
51 51 255
770 158
776 118
783 162
3
1
6
51 51 255
770 163
783 175
784 166
7
1
6
51 51 255
331 217
294 234
295 160
275 160
246 192
211 194
211 190
3
1
6
51 51 255
273 137
280 91
295 137
3
1
23
255 0 51
35 281
742 304
65 349
9
1
6
153 153 255
99 205
91 67
121 61
114 87
142 83
160 35
61 38
73 222
82 202
31
1
6
153 153 255
148 264
153 171
220 166
191 200
247 204
283 174
276 259
350 224
321 128
403 149
394 245
462 233
450 142
496 118
489 205
554 166
554 224
597 221
594 250
660 280
651 219
673 262
748 238
769 203
782 330
834 272
792 11
753 26
717 186
677 158
709 152
25
1
6
255 204 204
92 223
65 252
42 21
177 20
157 72
238 16
245 130
270 7
290 5
319 107
326 39
423 8
506 43
531 18
549 32
545 89
568 38
595 41
593 8
703 12
659 106
712 66
723 104
731 13
771 10
3
2
10
102 153 0
39 281
723 303
67 349
26
2
10
102 153 0
16 414
87 414
86 377
144 378
144 413
144 413
215 412
214 375
276 377
276 411
333 409
328 373
399 372
402 410
459 407
453 368
504 365
504 412
557 411
556 364
607 364
608 418
680 413
678 360
734 362
732 416
14
3
10
153 0 0
18 398
57 372
118 406
180 377
245 403
307 374
372 405
422 371
483 400
531 365
584 411
642 363
709 414
708 414
2
3
4
0 102 102
31 399
73 399
2
3
4
0 102 102
162 399
201 399
2
3
4
0 102 102
289 396
321 394
2
3
4
0 102 102
353 384
383 385
2
3
4
0 102 102
414 393
446 393
2
3
4
0 102 102
468 379
492 380
2
3
4
0 102 102
511 397
545 397
2
3
4
0 102 102
565 378
596 378
2
3
4
0 102 102
619 398
666 398
2
3
4
0 102 102
691 380
721 381
5
3
4
0 102 102
25 12
52 265
115 213
101 74
101 73
7
3
4
0 102 102
26 12
195 9
177 40
235 5
807 6
836 226
835 226
2
3
4
255 102 0
529 353
527 333
3
3
4
255 102 0
528 341
544 331
545 330
6
3
4
255 102 0
529 342
557 351
590 348
587 327
567 331
568 349
5
3
4
255 102 0
607 352
601 330
632 352
627 330
629 330
4
3
4
255 102 0
638 323
660 337
670 320
651 355
// Congratulations!


