47
2
1
3
51 51 51
625 25
625 647
1
1
3
51 51 51
624 354
2
1
3
51 51 51
625 361
627 362
2
1
3
51 51 51
626 362
1130 357
1
1
3
51 51 51
974 62
2
1
3
51 51 51
975 58
310 637
2
1
3
51 51 51
224 59
995 639
1
1
3
51 51 51
172 396
1
1
3
51 51 51
171 398
2
1
3
51 51 51
169 401
623 362
2
1
3
51 51 51
135 218
625 362
2
1
3
51 51 51
431 16
624 359
2
1
3
51 51 51
779 32
490 647
2
1
3
51 51 51
188 541
1043 187
1
1
3
51 51 51
626 359
1
1
3
51 51 51
626 356
3
1
3
51 51 51
631 361
622 360
625 361
2
1
3
51 51 51
625 361
774 647
2
1
3
51 51 51
626 364
1128 504
17
1
3
51 51 51
600 321
623 317
643 322
655 336
660 345
663 360
663 373
654 384
638 391
626 392
608 394
599 387
590 372
588 364
586 350
590 330
602 318
17
1
3
51 51 51
590 302
625 296
650 302
673 319
681 334
684 363
682 380
675 400
654 418
627 421
597 418
574 404
561 389
553 369
559 343
566 318
591 302
17
1
3
51 51 51
578 274
625 266
662 278
687 307
700 327
704 359
701 385
693 410
664 430
627 444
588 443
555 427
527 401
517 373
520 332
536 293
575 275
17
1
3
51 51 51
556 239
623 227
679 245
715 281
731 312
742 361
738 394
719 432
678 461
627 470
572 470
519 456
492 415
480 376
479 320
503 269
559 240
17
1
3
51 51 51
543 213
626 195
690 216
741 257
770 300
783 361
775 406
751 454
695 495
627 506
559 501
485 481
441 432
426 379
432 307
464 239
540 212
5
1
3
51 51 51
420 209
387 291
369 383
394 456
439 513
14
1
3
51 51 51
439 513
443 518
533 557
626 571
719 550
806 497
834 424
840 360
835 276
790 217
712 176
627 158
514 163
420 208
84
1
3
51 51 51
532 146
532 146
533 149
534 153
535 153
539 153
541 151
541 151
539 148
532 147
530 148
532 149
542 149
544 148
544 146
542 141
542 141
536 141
532 143
532 148
532 148
534 149
538 147
538 146
528 146
528 153
542 155
545 149
545 142
529 140
521 145
521 149
525 156
550 158
551 157
551 143
551 138
541 133
526 133
522 143
522 155
523 157
529 159
534 159
540 160
542 160
542 165
538 165
532 165
527 163
527 156
527 149
530 128
538 127
548 135
555 149
548 158
546 139
547 154
547 154
548 151
547 144
543 167
541 169
536 172
536 177
548 184
553 184
554 178
554 173
549 166
539 166
537 168
536 171
537 179
548 180
549 179
546 170
546 170
543 174
543 174
542 178
544 179
545 178
4
1
3
51 51 51
529 162
528 163
527 169
521 186
3
1
3
51 51 51
552 159
570 163
570 174
3
1
3
51 51 51
552 144
559 136
570 149
3
1
3
51 51 51
516 148
497 146
498 164
3
1
3
51 51 51
539 127
546 114
560 114
3
1
3
51 51 51
521 132
504 124
494 138
1
1
3
51 51 51
543 14
2
1
3
51 51 51
518 11
626 360
2
1
3
51 51 51
319 23
892 649
2
1
3
51 51 51
688 35
567 654
2
1
3
51 51 51
215 592
1029 127
2
1
3
51 51 51
135 312
1114 414
1
1
3
51 51 51
153 125
1
1
3
51 51 51
151 128
2
1
3
51 51 51
149 129
1103 584
2
1
3
51 51 51
410 644
877 36
2
1
3
51 51 51
1066 256
163 471
61
1
3
51 51 51
768 347
769 355
774 355
781 351
779 343
773 343
770 361
777 361
782 356
780 347
770 342
768 343
768 345
773 351
779 356
783 358
785 365
792 372
805 385
820 399
821 398
823 389
811 377
794 369
790 365
780 357
786 368
805 376
811 380
818 389
821 392
785 363
786 353
795 326
812 324
828 338
818 353
796 374
834 351
842 359
852 373
853 382
849 390
826 393
818 391
786 365
765 363
749 364
747 374
743 390
752 401
756 404
775 413
796 375
796 375
785 411
794 425
829 433
822 399
820 391
775 355
5
1
3
51 51 51
769 341
755 317
761 308
774 306
775 318
6
1
3
51 51 51
769 348
756 344
738 335
726 335
720 347
730 352
