5
5
1
1
0 0 0
36 134
151 135
219 45
258 128
357 129
17
1
1
0 0 0
30 266
62 265
82 232
95 266
124 265
137 245
118 215
147 207
167 178
188 202
213 203
203 222
218 257
239 256
258 230
272 256
317 258
65
1
1
0 0 0
18 435
32 435
41 413
51 435
67 434
70 424
60 408
71 407
79 389
89 404
102 401
97 411
103 432
117 430
120 413
131 430
143 431
147 420
140 411
151 408
156 397
148 386
134 390
141 376
130 361
142 357
148 341
160 353
172 350
179 339
170 324
185 323
197 304
205 315
220 316
212 325
220 336
229 336
233 325
240 339
253 344
244 350
244 360
230 353
221 359
227 373
242 375
234 386
242 420
258 421
264 403
272 419
288 421
291 411
284 401
296 393
301 377
311 394
326 402
315 406
320 418
334 417
342 404
351 419
369 417
1
3
16
0 0 0
47 582
3
2
16
0 0 0
22 578
421 574
410 7
