836 565
2
29
52 316
46 43
775 29
769 509
37 512
38 489
739 493
749 60
70 73
70 476
717 471
729 89
91 101
89 446
682 454
703 126
116 138
109 420
331 409
342 431
102 439
102 122
708 115
705 458
79 463
82 86
736 73
731 479
42 482
4
771 76
755 80
747 493
765 157
1
50
18 109
126 12
21 204
216 14
28 279
288 12
37 350
343 22
40 425
415 19
288 258
509 13
461 87
559 4
501 130
633 1
535 155
712 12
612 179
780 15
615 223
777 190
645 240
778 268
640 282
777 322
652 314
786 396
649 396
777 442
624 437
693 515
567 433
566 474
535 428
499 468
442 406
398 473
346 476
299 448
268 428
226 475
188 484
154 454
143 425
103 472
69 486
44 469
23 441
16 424
