779 566
2
39
348 484
96 35
658 40
364 450
139 76
567 82
375 388
204 129
483 136
376 323
283 175
424 175
381 253
346 209
374 207
378 220
390 202
321 199
381 284
449 158
256 150
372 359
510 117
182 109
369 423
610 63
118 53
367 486
684 39
729 52
384 501
319 498
53 60
81 45
326 460
318 463
88 79
77 87
316 477
3
392 195
408 195
399 184
1
55
30 89
140 14
170 46
197 19
225 64
261 13
288 96
320 21
339 120
378 11
396 147
455 12
430 165
502 16
475 168
551 15
520 179
598 13
580 162
658 6
657 206
546 181
635 283
519 217
557 324
444 218
583 382
423 226
537 411
403 227
548 456
390 221
501 458
379 306
433 489
398 425
412 516
387 475
357 516
358 490
289 509
329 471
266 466
348 399
179 433
312 315
125 360
225 275
77 319
270 206
29 248
247 153
42 177
187 94
96 106
