743 567
2
81
108 481
84 45
690 39
693 488
134 473
111 64
660 59
672 467
153 461
134 89
625 79
652 444
172 437
165 115
595 111
625 421
197 410
195 141
569 139
599 388
219 385
214 172
543 166
573 362
250 359
246 201
506 199
541 333
282 335
273 229
481 223
497 315
314 317
306 243
475 244
465 304
342 302
327 257
434 257
442 286
353 286
398 275
395 267
347 270
349 296
449 291
450 256
320 252
328 313
483 309
477 237
293 238
299 325
513 321
492 213
269 215
269 347
553 349
531 182
237 188
240 373
585 375
560 152
209 155
213 402
613 403
578 128
185 131
187 427
634 434
612 95
148 105
165 450
658 458
641 66
120 81
145 468
683 480
677 53
93 61
121 488
0
1
9
145 498
171 18
225 491
236 8
301 490
379 20
437 504
504 10
574 517
