43
1
1
1
0 0 0
102 41
1
1
1
0 0 0
392 57
1
1
1
0 0 0
293 158
1
1
1
0 0 0
208 186
1
1
1
0 0 0
117 246
1
1
1
0 0 0
81 171
1
1
1
0 0 0
136 109
1
1
1
0 0 0
178 271
1
1
1
0 0 0
267 265
1
1
1
0 0 0
332 246
1
1
1
0 0 0
368 188
1
1
1
0 0 0
423 295
1
1
1
0 0 0
331 65
1
1
1
0 0 0
293 65
1
1
1
0 0 0
240 65
1
1
1
0 0 0
196 68
1
1
1
0 0 0
165 71
1
1
1
0 0 0
113 79
1
1
1
0 0 0
75 97
1
1
1
0 0 0
55 175
1
1
1
0 0 0
55 315
1
1
1
0 0 0
96 362
1
1
1
0 0 0
113 346
1
1
1
0 0 0
189 349
1
1
1
0 0 0
206 310
1
1
1
0 0 0
167 313
1
1
1
0 0 0
133 300
1
1
16
255 255 0
60 266
1
1
16
255 255 0
152 136
1
1
16
255 255 0
238 127
1
1
16
255 255 0
270 178
1
1
16
255 255 0
281 226
1
1
16
255 255 0
250 328
1
1
16
255 255 0
285 325
1
1
16
255 255 0
327 298
1
1
16
255 255 0
206 234
1
1
16
255 255 0
166 204
1
1
16
255 255 0
148 185
1
1
16
255 255 0
108 141
1
1
16
255 255 0
55 134
1
1
16
255 255 0
47 89
1
1
16
255 255 0
46 41
1
1
16
255 255 0
228 30
