29
2
1
8
0 0 0
48 233
129 27
2
1
8
0 0 0
153 227
147 32
3
1
8
0 0 0
149 49
183 34
249 33
2
1
8
0 0 0
268 233
316 28
2
1
8
0 0 0
339 233
336 33
5
1
8
0 0 0
336 48
361 29
425 32
444 45
445 232
5
1
8
0 0 0
584 142
585 219
615 212
622 141
622 215
2
1
8
0 0 0
638 140
641 213
3
1
8
0 0 0
636 139
666 212
665 139
2
1
8
0 0 0
689 157
690 207
1
1
8
0 0 0
687 136
2
1
8
0 0 0
712 138
754 211
2
1
8
0 0 0
709 201
752 136
4
2
8
0 0 0
144 285
69 323
151 372
84 424
3
2
8
0 0 0
192 421
239 288
289 416
2
2
8
0 0 0
192 382
299 368
3
2
8
0 0 0
325 294
370 405
414 285
5
2
8
0 0 0
462 359
551 310
460 288
469 401
551 395
7
2
8
0 0 0
576 308
581 394
638 387
655 344
648 316
625 304
576 303
3
3
4
0 0 0
168 474
140 459
92 563
2
3
4
0 0 0
72 525
134 519
2
3
4
0 0 0
209 479
188 526
1
3
4
0 0 0
216 459
2
3
4
0 0 0
282 442
247 533
5
3
4
0 0 0
302 504
377 474
296 472
302 532
369 527
2
1
4
0 0 0
503 190
555 186
2
1
4
0 0 0
524 158
531 210
2
1
4
0 0 0
542 160
515 207
2
1
4
0 0 0
505 173
548 203
