255 255 255
1.0
0
0.5 0.5 0.5
5
3.00 3.00 3.00 1.0 1.0 1.0
1.00 1.00 3.00 0.0 0.0 1.0
1.00 3.00 1.00 1.0 0.0 0.0
3.00 1.00 1.00 0.0 1.0 0.0
2.50 2.50 -2.50 1.0 1.0 1.0
7
TRG
0.0 2.0 0.0
0.0 0.0 2.0
0.0 0.0 0.0
0.5 0.0 0.0 0.5 0.2 0.0 0.5 0.5 1.0 5.0 0.0 0.0 0.0

TRG
0.0 2.0 0.0
0.0 0.0 0.0
2.0 0.0 0.0
0.0 0.5 0.0 0.3 0.3 0.2 0.7 0.7 0.8 5.0 0.0 0.0 0.0

TRG
0.0 0.0 0.0
0.0 0.0 2.0
2.0 0.0 0.0
0.0 0.0 0.5 0.4 0.4 0.3 0.6 0.6 0.7 5.0 0.0 0.0 0.0

SPH
0.70 0.70 0.70
0.5
0.5 0.5 0.5 0.3 0.3 0.3 0.7 0.7 0.7 100.0 0.0 0.0 0.0

SPH
0.30 0.30 1.50
0.25
1.0 1.0 1.0 0.4 0.4 0.9 0.6 0.6 0.1 100.0 0.0 0.0 0.0

SPH
1.50 0.30 0.30
0.25
0.1 0.9 0.2 0.5 0.5 0.5 0.5 0.5 0.5 100.0 0.0 0.0 0.0

SPH
0.30 1.50 0.30
0.25
0.9 0.2 0.1 1.0 1.0 1.0 0.0 0.0 0.0 200.0 0.0 0.0 0.0

